y=[0, 0, 1, 2, 3, 0, 1, 0, 1]
%=[0, 0, 1, 2, 3, 0, 1, 2, 3, 0, 1]
y=[0, 0, 1, 2, 3, 0]
z=[0, 0, 1, 3, 1]
-=[0, 0, 1, 3]
>=[0, 0, 1]
w=[0, 0, 2, 0, 2, 0]
v=[0, 0, 2, 0]
w=[0, 0, 2, 1, 0, 1, 2, 0]
w=[0, 0, 2, 1, 0, 2, 1, 0]
\=[0, 0, 2, 1, 0, 3, 0]
w=[0, 0, 2, 1, 0, 3, 2, 1, 0]
u=[0, 0, 2, 1, 0]
y=[0, 0, 2, 1, 2, 3, 0, 1]
~=[0, 0, 2, 3, 0, 2, 3, 0]
v=[0, 0, 2, 3, 0]
k=[0, 0, 2, 3, 2, 3, 0, 1]
_=[0, 0, 3, 1]
q=[0, 0, 3, 2, 1, 0, 3, 1]
~=[0, 0, 3, 2, 1, 0, 3, 2, 1, 0, 3]
o=[0, 0, 3, 2, 1, 0, 3]
u=[0, 0, 3, 2, 1, 0]
<=[0, 0, 3]
%=[0, 1, 1, 2, 3, 0, 1, 2, 3, 0, 1]
y=[0, 1, 1, 2, 3, 0, 1]
y=[0, 1, 1, 2, 3, 0]
w=[0, 1, 2, 0, 1, 2, 0]
w=[0, 1, 2, 0, 2, 0]
h=[0, 1, 2, 0, 2]
u=[0, 1, 2, 0]
w=[0, 1, 2, 1, 0, 1, 2, 1, 0]
w=[0, 1, 2, 1, 0, 2, 1, 0]
w=[0, 1, 2, 1, 0, 3, 2, 1, 0]
u=[0, 1, 2, 1, 0]
k=[0, 1, 2, 3, 0, 1, 2]
y=[0, 1, 2, 3, 0, 1]
g=[0, 1, 3, 2, 1, 0, 3, 1]
/=[0, 2, 0, 1, 3, 2]
\=[0, 2, 1, 2, 1, 2, 1, 2, 1, 2]
b=[0, 2, 1, 2, 3, 0, 1, 2, 3]
b=[0, 2, 1, 2, 3, 1, 2, 3]
z=[0, 2, 1, 2, 3, 1]
b=[0, 2, 1, 2, 3, 2, 1, 2, 3]
z=[0, 2, 1, 2, 3, 2, 1]
z=[0, 2, 1, 2, 3, 2, 3, 1]
z=[0, 2, 1, 2, 3, 2, 3, 2, 1]
b=[0, 2, 1, 2, 3, 2, 3, 2, 3, 2, 1, 2, 3]
b=[0, 2, 1, 2, 3, 2, 3]
D=[0, 2, 1, 2, 3]
t=[0, 2, 1, 2]
b=[0, 2, 1, 3, 1, 3]
z=[0, 2, 1, 3, 1]
z=[0, 2, 1, 3, 2, 1]
t=[0, 2, 1, 3, 2]
-=[0, 2, 1, 3]
>=[0, 2, 1]
h=[0, 2, 2, 0, 1, 2]
h=[0, 2, 2, 0, 2]
h=[0, 2, 2, 1, 0, 1, 0, 1, 0, 1, 2]
h=[0, 2, 2, 1, 0, 1, 2]
9=[0, 2, 2, 1, 0, 2]
x=[0, 2, 2, 1, 0, 3, 2, 3, 2]
x=[0, 2, 2, 1, 0, 3, 2]
x=[0, 2, 2, 1, 0, 3]
5=[0, 2, 2, 1, 2, 3, 0]
5=[0, 2, 2, 1, 2, 3]
h=[0, 2, 2, 1, 2]
s=[0, 2, 2, 1, 3, 2]
l=[0, 2, 2, 1]
k=[0, 2, 2, 3, 0, 1, 2, 1]
k=[0, 2, 2, 3, 0, 1, 2]
k=[0, 2, 2, 3, 0, 1]
~=[0, 2, 2, 3, 0, 2, 3]
~=[0, 2, 2, 3, 0, 2]
l=[0, 2, 2, 3, 2, 1]
k=[0, 2, 2, 3, 2, 3, 0, 1, 2]
j=[0, 2, 2, 3]
i=[0, 2, 2]
k=[0, 2, 3, 0, 1, 2, 1, 2]
k=[0, 2, 3, 0, 1, 2, 1]
k=[0, 2, 3, 0, 1, 2]
s=[0, 2, 3, 1, 2, 3]
e=[0, 2, 3, 1, 3, 2, 1]
s=[0, 2, 3, 1, 3, 2]
s=[0, 2, 3, 1, 3]
_=[0, 2, 3, 1]
9=[0, 2, 3, 2, 1, 0, 2]
e=[0, 2, 3, 2, 1, 0, 3, 2, 1]
g=[0, 2, 3, 2, 1, 0, 3, 2]
e=[0, 2, 3, 2, 1, 2, 1, 3, 2, 1]
e=[0, 2, 3, 2, 1, 2, 3, 1]
e=[0, 2, 3, 2, 1, 2, 3, 2, 1]
s=[0, 2, 3, 2, 1, 2, 3]
9=[0, 2, 3, 2, 1, 2]
e=[0, 2, 3, 2, 1, 3, 2, 1]
c=[0, 2, 3, 2, 1]
k=[0, 2, 3, 2, 3, 0, 1, 2, 1]
~=[0, 2, 3, 2, 3, 0, 3, 2]
s=[0, 2, 3, 2, 3, 2, 1, 2, 3]
/=[0, 2, 3, 2, 3, 2, 3]
f=[0, 2, 3, 2]
<=[0, 2, 3]
v=[0, 3, 2, 0]
v=[0, 3, 2, 3, 0]
@=[0, 3, 3, 2, 1, 0, 3, 2, 1, 0, 3]
g=[0, 3, 3, 2, 1, 0, 3]
s=[0, 3, 3, 2, 1, 2, 3, 0]
v=[1, 0, 2, 0]
~=[1, 0, 2, 3, 0, 2, 3, 0]
v=[1, 0, 2, 3, 0]
o=[1, 0, 3, 2, 1, 0, 3, 0]
~=[1, 0, 3, 2, 1, 0, 3, 2, 1, 0, 3]
~=[1, 2, 2, 3, 0, 2]
#=[1, 2, 3, 0, 1, 2, 3, 0, 1, 2, 3]
~=[1, 2, 3, 0, 2]
d=[1, 2, 3, 0, 3, 0, 1, 2, 3]
\=[1, 2, 3, 0, 3, 2]
s=[1, 3, 0, 3, 2, 1, 2, 3, 0]
n=[2, 0, 0, 1, 0, 1, 2, 0, 1]
/=[2, 0, 0, 1, 0, 1, 3, 2, 3, 2]
/=[2, 0, 0, 1, 0, 1, 3, 2]
n=[2, 0, 0, 1, 2, 0]
n=[2, 0, 0, 1, 2, 1, 0]
p=[2, 0, 0, 1, 2, 3]
r=[2, 0, 0, 1]
n=[2, 0, 0, 2, 0]
n=[2, 0, 0, 2, 1, 0]
\=[2, 0, 0, 3]
!=[2, 0, 0]
/=[2, 0, 1, 0, 1, 0, 1]
/=[2, 0, 1, 0, 1, 2, 3]
}=[2, 0, 1, 0, 3, 0, 1, 0, 3]
$=[2, 0, 1, 0, 3, 0, 1]
}=[2, 0, 1, 0, 3, 1, 0, 3]
}=[2, 0, 1, 0, 3, 2, 1, 0, 3]
)=[2, 0, 1, 0, 3]
n=[2, 0, 1, 2, 0]
n=[2, 0, 1, 2, 1, 0, 1]
/=[2, 0, 1, 2, 3]
}=[2, 0, 1, 3, 0, 1, 3]
-=[2, 0, 1, 3]
>=[2, 0, 1]
{=[2, 0, 3, 0, 1, 0, 3, 0, 1]
{=[2, 0, 3, 0, 1, 0, 3, 1]
{=[2, 0, 3, 0, 1, 2, 3, 0, 1]
{=[2, 0, 3, 0, 1, 3, 0, 1]
(=[2, 0, 3, 0, 1]
\=[2, 0, 3, 0, 3, 0, 3]
\=[2, 0, 3, 0, 3]
\=[2, 0, 3, 0]
{=[2, 0, 3, 1, 3, 0, 1]
{=[2, 0, 3, 1, 3, 1]
_=[2, 0, 3, 1]
<=[2, 0, 3]
a=[2, 1, 0, 1, 0, 1, 2]
m=[2, 1, 0, 1, 2, 0, 2]
m=[2, 1, 0, 1, 2, 1, 0, 2]
a=[2, 1, 0, 1, 2, 1, 2]
r=[2, 1, 0, 1, 2, 3, 2, 1, 2]
r=[2, 1, 0, 1, 2, 3, 2, 1]
a=[2, 1, 0, 1, 2]
m=[2, 1, 0, 2, 0, 2]
n=[2, 1, 0, 2, 1, 0]
a=[2, 1, 0, 2]
@=[2, 1, 0, 3, 2, 1, 0, 3, 2, 1]
d=[2, 1, 0, 3, 2, 1]
a=[2, 1, 1, 0, 1, 2]
&=[2, 1, 1, 0, 3, 2, 1, 0, 3, 2, 1]
d=[2, 1, 1, 0, 3, 2, 1]
a=[2, 1, 1, 2]
m=[2, 2, 0, 1, 0, 1, 2, 0, 2]
m=[2, 2, 0, 1, 2, 0, 1, 2]
m=[2, 2, 0, 1, 2, 0, 2]
m=[2, 2, 0, 1, 2, 1, 0, 1, 2]
m=[2, 2, 0, 1, 2, 1, 0, 2]
m=[2, 2, 0, 1, 2, 3, 0, 1, 2]
r=[2, 2, 0, 1, 2, 3, 1, 2]
r=[2, 2, 0, 1, 2, 3, 1]
r=[2, 2, 0, 1, 2, 3, 2, 1, 2, 1, 2]
r=[2, 2, 0, 1, 2, 3, 2, 1]
a=[2, 2, 0, 1, 2]
m=[2, 2, 0, 2, 0, 2]
m=[2, 2, 0, 2, 1, 0, 1, 2]
m=[2, 2, 0, 2, 1, 0, 2]
a=[2, 2, 0, 2]
@=[2, 2, 0, 3, 2, 1, 0, 3, 2, 1]
d=[2, 2, 0, 3, 2, 1, 2]
d=[2, 2, 0, 3, 2]
$=[2, 2, 1, 0, 1, 0, 3, 2, 1, 0, 3, 2, 1]
d=[2, 2, 1, 0, 1, 0, 3, 2, 1, 2, 1, 2]
d=[2, 2, 1, 0, 1, 0, 3, 2, 1]
@=[2, 2, 1, 0, 3, 2, 1, 0, 3, 2, 1]
d=[2, 2, 1, 0, 3, 2, 1, 2, 1, 2, 1]
d=[2, 2, 1, 0, 3, 2, 1]
d=[2, 2, 1, 0, 3, 2]
a=[2, 2, 1, 2]
/=[2, 2, 1, 3]
a=[2, 2, 1]
#=[2, 2, 3, 0, 1, 2, 3, 0, 1, 2, 3]
d=[2, 2, 3, 0, 1, 2, 3]
\=[2, 2, 3, 0, 2, 1]
\=[2, 2, 3, 0, 3, 0, 3, 1]
\=[2, 2, 3, 0, 3, 2, 1, 2]
<=[2, 2, 3]
p=[2, 3, 0, 1, 2, 3]
a=[2, 3, 0, 2]
/=[2, 3, 1, 0, 1, 0, 3, 2]
-=[2, 3, 1, 3]
#=[2, 3, 3, 0, 1, 2, 3, 0, 1, 2, 3]
d=[2, 3, 3, 0, 1, 2, 3]
n=[3, 0, 0, 1, 0]
n=[3, 0, 0, 1, 2, 0]
n=[3, 0, 0, 1, 2, 1, 0]
n=[3, 0, 0, 2, 0]
n=[3, 0, 0, 2, 1, 0]
y=[3, 0, 1, 2, 3, 0, 1, 0, 1]
%=[3, 0, 1, 2, 3, 0, 1, 2, 3, 0, 1]
y=[3, 0, 1, 2, 3, 0, 1]
y=[3, 0, 1, 2, 3, 0]
w=[3, 0, 2, 0, 2, 0]
u=[3, 0, 2, 0]
w=[3, 0, 2, 1, 0, 2, 1, 0]
q=[3, 0, 2, 1, 0, 3, 1]
w=[3, 0, 2, 1, 0, 3, 2, 1, 0]
o=[3, 0, 2, 1, 0, 3]
u=[3, 0, 2, 1, 0]
n=[3, 1, 0, 1, 2, 0]
n=[3, 1, 0, 1, 2, 1, 0]
z=[3, 1, 0, 1, 2, 3, 2, 1, 0]
z=[3, 1, 0, 1, 2, 3, 2, 1]
m=[3, 1, 0, 2, 0, 2]
n=[3, 1, 0, 2, 1, 0]
h=[3, 1, 2, 1, 0, 2]
m=[3, 2, 0, 1, 2, 1, 0, 1, 2]
m=[3, 2, 0, 1, 2, 1, 0, 2]
2=[3, 2, 0, 1, 2, 3, 2, 1]
?=[3, 2, 0, 1, 2, 3, 2]
a=[3, 2, 0, 1, 2]
m=[3, 2, 0, 2, 0, 2]
m=[3, 2, 0, 2, 1, 0, 1, 2]
a=[3, 2, 0, 2]
d=[3, 2, 0, 3, 2, 1, 2]
@=[3, 2, 1, 0, 1, 0, 3, 2, 1, 0, 3, 2, 1]
@=[3, 2, 1, 0, 3, 2, 1, 0, 3, 2, 1]
d=[3, 2, 1, 0, 3, 2]
z=[3, 2, 1, 2, 3, 1]
t=[3, 2, 1, 2]
h=[3, 2, 2, 1, 0, 2]
9=[3, 2, 2, 1, 0, 3, 2]
